<?xml version="1.0"?>
<opencv_storage>
<camera_intrinsics type_id="opencv-matrix">
  <rows>3</rows>
  <cols>3</cols>
  <dt>d</dt>
  <data>
    1.5231859821363722e+02 0. 6.3903076763518789e+02 0.
    3.7008534325128170e+02 4.7941623624491331e+02 0. 0. 1.</data></camera_intrinsics>
</opencv_storage>
