%disp('Calibration from 23-03-09');
%Hcam2world = transformacion desde el mundo a la camara.

Hgrid2marker_right =   1.0e+02 *  [-0.008469904768784  -0.005315231529648  -0.000095010493980   1.225502011068895
  -0.005315067440568   0.008470427104444  -0.000043849407351  -0.393119293652768
   0.000103784921592   0.000013358687864  -0.009999452496787   0.056946718932740
                   0                   0                   0   0.010000000000000];
Hcam2world_right = 1.0e+02 * [0.009995969627248   0.000116703005769  -0.000258788754731   1.030224296591990
   0.000110993522691  -0.009996942102498  -0.000220972933239  -5.418384692832323
  -0.000261288440332   0.000218011485358  -0.009994208289965   7.300069053705490
                   0                   0                   0   0.010000000000000];


Hgrid2marker_left =  1.0e+02 * [-0.008469904768784  -0.005315231529648  -0.000095010493980   1.225502011068895
  -0.005315067440568   0.008470427104444  -0.000043849407351  -0.393119293652768
   0.000103784921592   0.000013358687864  -0.009999452496787   0.056946718932740
                   0                   0                   0   0.010000000000000];
Hcam2world_left = 1.0e+02 * [0.009995969627248   0.000116703005769  -0.000258788754731   1.030224296591990
   0.000110993522691  -0.009996942102498  -0.000220972933239  -5.418384692832323
  -0.000261288440332   0.000218011485358  -0.009994208289965   7.300069053705490
                   0                   0                   0   0.010000000000000];
