%disp('Calibration from 23-03-09');
%Hcam2world = transformacion desde el mundo a la camara.

cal_intrinsic_vals_left=[1.631294e+03 1.626133e+03 6.189623e+02 4.674354e+02];
cal_intrinsic_vals_right=[1.624290e+03 1.620801e+03 6.259602e+02 4.876881e+02];