Hgrid2cam(:,:,1) = [ -0.703303 0.698454 -0.132391 -86.883; -0.693206 -0.71509 -0.0900673 98.9639; -0.15758 0.0284298 0.987097 563.744; 0 0 0 1;];
Hcam2grid(:,:,1) = inv(Hgrid2cam(:,:,1));
Hmarker2world(:,:,1) = [ RotationMatrix(7,9,12) [-4;-427;198]; 0 0 0 1;];
Hgrid2cam(:,:,2) = [ -0.104795 0.932722 0.345033 -129.721; -0.976445 -0.0307043 -0.213569 109.513; -0.188607 -0.359286 0.91397 585.056; 0 0 0 1;];
Hcam2grid(:,:,2) = inv(Hgrid2cam(:,:,2));
Hmarker2world(:,:,2) = [ RotationMatrix(15,-19,-27) [19;-475;210]; 0 0 0 1;];
Hgrid2cam(:,:,3) = [ -0.507154 0.799344 -0.322249 -125.679; -0.807881 -0.571151 -0.14531 107.36; -0.300206 0.186644 0.935436 572.884; 0 0 0 1;];
Hcam2grid(:,:,3) = inv(Hgrid2cam(:,:,3));
Hmarker2world(:,:,3) = [ RotationMatrix(11,20,-1) [-21;-439;186]; 0 0 0 1;];
Hgrid2cam(:,:,4) = [ -0.721332 0.615887 0.316801 -108.625; -0.457335 -0.767074 0.449936 100.482; 0.52012 0.179669 0.834982 469.513; 0 0 0 1;];
Hcam2grid(:,:,4) = inv(Hgrid2cam(:,:,4));
Hmarker2world(:,:,4) = [ RotationMatrix(-26,-18,17) [-31;-444;231]; 0 0 0 1;];
Hgrid2cam(:,:,5) = [ -0.448256 0.89349 -0.0272457 -152.507; -0.78988 -0.381637 0.480045 86.6835; 0.418517 0.236704 0.876821 508.976; 0 0 0 1;];
Hcam2grid(:,:,5) = inv(Hgrid2cam(:,:,5));
Hmarker2world(:,:,5) = [ RotationMatrix(-27,2,-6) [-34;-439;194]; 0 0 0 1;];
Hgrid2cam(:,:,6) = [ -0.562062 0.812032 0.157133 -128.212; -0.781693 -0.459454 -0.421733 102.926; -0.270265 -0.35987 0.893001 603.328; 0 0 0 1;];
Hcam2grid(:,:,6) = inv(Hgrid2cam(:,:,6));
Hmarker2world(:,:,6) = [ RotationMatrix(27,-8,1) [-24;-444;199]; 0 0 0 1;];
Hgrid2cam(:,:,7) = [ -0.591472 0.796069 0.128199 -103.691; -0.649535 -0.564607 0.509237 110.353; 0.47777 0.21793 0.851024 507.675; 0 0 0 1;];
Hcam2grid(:,:,7) = inv(Hgrid2cam(:,:,7));
Hmarker2world(:,:,7) = [ RotationMatrix(-29,-7,4) [-3;-457;192]; 0 0 0 1;];
Hgrid2cam(:,:,8) = [ -0.571916 0.728615 -0.376872 -92.0624; -0.801612 -0.593942 0.0681921 113.249; -0.174154 0.341105 0.923752 526.552; 0 0 0 1;];
Hcam2grid(:,:,8) = inv(Hgrid2cam(:,:,8));
Hmarker2world(:,:,8) = [ RotationMatrix(-2,23,5) [2;-444;209]; 0 0 0 1;];
Hgrid2cam(:,:,9) = [ -0.686346 0.725644 -0.0486782 -102.898; -0.687789 -0.669382 -0.280846 123.61; -0.236379 -0.159277 0.958518 590.216; 0 0 0 1;];
Hcam2grid(:,:,9) = inv(Hgrid2cam(:,:,9));
Hmarker2world(:,:,9) = [ RotationMatrix(18,4,10) [-16;-455;192]; 0 0 0 1;];
Hgrid2cam(:,:,10) = [ -0.350726 0.836226 -0.421564 -83.7422; -0.768716 -0.514177 -0.380392 129.313; -0.534852 0.190649 0.823156 587.069; 0 0 0 1;];
Hcam2grid(:,:,10) = inv(Hgrid2cam(:,:,10));
Hmarker2world(:,:,10) = [ RotationMatrix(27,26,-11) [35;-467;188]; 0 0 0 1;];
Hgrid2cam(:,:,11) = [ -0.804832 0.527739 -0.271544 -65.9452; -0.406923 -0.823731 -0.394817 106.083; -0.43204 -0.207264 0.877715 577.093; 0 0 0 1;];
Hcam2grid(:,:,11) = inv(Hgrid2cam(:,:,11));
Hmarker2world(:,:,11) = [ RotationMatrix(26,17,23) [-5;-445;224]; 0 0 0 1;];
Hgrid2cam(:,:,12) = [ -0.815252 0.504605 -0.284145 -52.521; -0.50762 -0.858834 -0.0687443 138.857; -0.278723 0.088194 0.956314 537.39; 0 0 0 1;];
Hcam2grid(:,:,12) = inv(Hgrid2cam(:,:,12));
Hmarker2world(:,:,12) = [ RotationMatrix(6,18,25) [6;-468;227]; 0 0 0 1;];
Hgrid2cam(:,:,13) = [ -0.765593 0.643239 -0.0105707 -100.259; -0.638114 -0.757201 0.13949 126.267; 0.0817214 0.113538 0.990167 507.669; 0 0 0 1;];
Hcam2grid(:,:,13) = inv(Hgrid2cam(:,:,13));
Hmarker2world(:,:,13) = [ RotationMatrix(-6,1,17) [-25;-457;229]; 0 0 0 1;];
Hgrid2cam(:,:,14) = [ -0.222408 0.934827 -0.276827 -152.145; -0.954627 -0.266486 -0.132941 80.1823; -0.198048 0.234699 0.951679 498.186; 0 0 0 1;];
Hcam2grid(:,:,14) = inv(Hgrid2cam(:,:,14));
Hmarker2world(:,:,14) = [ RotationMatrix(10,17,-20) [-14;-428;249]; 0 0 0 1;];
Hgrid2cam(:,:,15) = [ -0.816673 0.56834 0.100175 -57.6102; -0.575172 -0.815767 -0.0608404 133.99; 0.0471417 -0.107305 0.993108 526.118; 0 0 0 1;];
Hcam2grid(:,:,15) = inv(Hgrid2cam(:,:,15));
Hmarker2world(:,:,15) = [ RotationMatrix(5,-5,22) [8;-463;231]; 0 0 0 1;];
Hgrid2cam(:,:,16) = [ -0.571449 0.702378 -0.424396 -57.718; -0.789095 -0.612302 0.0491518 118.307; -0.225335 0.362976 0.904142 524.042; 0 0 0 1;];
Hcam2grid(:,:,16) = inv(Hgrid2cam(:,:,16));
Hmarker2world(:,:,16) = [ RotationMatrix(-1,26,6) [34;-449;213]; 0 0 0 1;];
Hgrid2cam(:,:,17) = [ -0.22572 0.963561 0.143532 -125.083; -0.974136 -0.221668 -0.0438358 81.1235; -0.0104221 -0.149714 0.988674 568.273; 0 0 0 1;];
Hcam2grid(:,:,17) = inv(Hgrid2cam(:,:,17));
Hmarker2world(:,:,17) = [ RotationMatrix(4,-7,-20) [16;-430;197]; 0 0 0 1;];
Hgrid2cam(:,:,18) = [ -0.166911 0.956153 0.240648 -150.085; -0.952409 -0.219493 0.211518 104.676; 0.255064 -0.19389 0.947285 570.996; 0 0 0 1;];
Hcam2grid(:,:,18) = inv(Hgrid2cam(:,:,18));
Hmarker2world(:,:,18) = [ RotationMatrix(-11,-13,-23) [-5;-456;179]; 0 0 0 1;];
Hgrid2cam(:,:,19) = [ -0.867017 0.488196 -0.0997319 -40.1581; -0.41598 -0.819353 -0.394488 113.897; -0.274303 -0.300542 0.913473 612.809; 0 0 0 1;];
Hcam2grid(:,:,19) = inv(Hgrid2cam(:,:,19));
Hmarker2world(:,:,19) = [ RotationMatrix(25,7,27) [13;-451;184]; 0 0 0 1;];
Hgrid2cam(:,:,20) = [ -0.678809 0.710878 -0.184039 -60.3668; -0.593802 -0.67884 -0.431943 98.8615; -0.431992 -0.183924 0.882924 612.549; 0 0 0 1;];
Hcam2grid(:,:,20) = inv(Hgrid2cam(:,:,20));
Hmarker2world(:,:,20) = [ RotationMatrix(28,12,10) [25;-435;187]; 0 0 0 1;];
Hgrid2cam(:,:,21) = [ -0.874521 0.460257 0.152894 -59.6446; -0.481513 -0.861654 -0.160308 116.687; 0.0579592 -0.213813 0.975154 574.27; 0 0 0 1;];
Hcam2grid(:,:,21) = inv(Hgrid2cam(:,:,21));
Hmarker2world(:,:,21) = [ RotationMatrix(11,-8,29) [-8;-447;192]; 0 0 0 1;];
Hgrid2cam(:,:,22) = [ -0.320772 0.886057 -0.334677 -121.568; -0.943715 -0.268897 0.192602 98.095; 0.0806627 0.377621 0.92244 465.627; 0 0 0 1;];
Hcam2grid(:,:,22) = inv(Hgrid2cam(:,:,22));
Hmarker2world(:,:,22) = [ RotationMatrix(-10,20,-13) [5;-449;248]; 0 0 0 1;];
Hgrid2cam(:,:,23) = [ -0.806757 0.468177 -0.360491 -21.9863; -0.571473 -0.773312 0.274605 127.944; -0.150208 0.42755 0.891425 476.521; 0 0 0 1;];
Hcam2grid(:,:,23) = inv(Hgrid2cam(:,:,23));
Hmarker2world(:,:,23) = [ RotationMatrix(-15,22,27) [34;-462;249]; 0 0 0 1;];
Hgrid2cam(:,:,24) = [ -0.0546403 0.971526 -0.230548 -134.476; -0.992475 -0.0781811 -0.0942351 109.008; -0.109576 0.223664 0.968487 559.407; 0 0 0 1;];
Hcam2grid(:,:,24) = inv(Hgrid2cam(:,:,24));
Hmarker2world(:,:,24) = [ RotationMatrix(8,14,-30) [18;-468;181]; 0 0 0 1;];
Hgrid2cam(:,:,25) = [ -0.574553 0.72109 -0.387192 -109.963; -0.700762 -0.677817 -0.222479 131.274; -0.422873 0.143503 0.894754 587.965; 0 0 0 1;];
Hcam2grid(:,:,25) = inv(Hgrid2cam(:,:,25));
Hmarker2world(:,:,25) = [ RotationMatrix(16,24,5) [-17;-461;183]; 0 0 0 1;];
Hgrid2cam(:,:,26) = [ -0.779359 0.606607 0.156936 -56.5124; -0.624209 -0.773423 -0.110361 142.741; 0.0544317 -0.183972 0.981423 552.554; 0 0 0 1;];
Hcam2grid(:,:,26) = inv(Hgrid2cam(:,:,26));
Hmarker2world(:,:,26) = [ RotationMatrix(8,-8,19) [15;-470;210]; 0 0 0 1;];
Hgrid2cam(:,:,27) = [ -0.178793 0.901758 0.393531 -142.368; -0.978953 -0.123039 -0.162829 104.644; -0.0984124 -0.41436 0.904776 569.785; 0 0 0 1;];
Hcam2grid(:,:,27) = inv(Hgrid2cam(:,:,27));
Hmarker2world(:,:,27) = [ RotationMatrix(12,-22,-22) [-1;-462;224]; 0 0 0 1;];
Hgrid2cam(:,:,28) = [ -0.338751 0.908527 0.244595 -155.246; -0.916684 -0.260122 -0.30336 115.144; -0.211986 -0.32698 0.920948 595.813; 0 0 0 1;];
Hcam2grid(:,:,28) = inv(Hgrid2cam(:,:,28));
Hmarker2world(:,:,28) = [ RotationMatrix(20,-13,-13) [-26;-464;199]; 0 0 0 1;];
Hgrid2cam(:,:,29) = [ -0.152079 0.987935 0.0292538 -132.649; -0.960573 -0.154707 0.231009 80.3421; 0.232748 0.0070313 0.972512 516.266; 0 0 0 1;];
Hcam2grid(:,:,29) = inv(Hgrid2cam(:,:,29));
Hmarker2world(:,:,29) = [ RotationMatrix(-12,-1,-24) [16;-439;219]; 0 0 0 1;];
Hgrid2cam(:,:,30) = [ -0.341432 0.855632 0.388995 -142.439; -0.884514 -0.432479 0.174916 112.81; 0.317896 -0.28435 0.904482 540.681; 0 0 0 1;];
Hcam2grid(:,:,30) = inv(Hgrid2cam(:,:,30));
Hmarker2world(:,:,30) = [ RotationMatrix(-9,-22,-11) [-17;-453;213]; 0 0 0 1;];
Hgrid2cam(:,:,31) = [ -0.128343 0.914087 -0.384672 -114.676; -0.990606 -0.0997052 0.0935823 68.7744; 0.0471886 0.393069 0.918297 502.633; 0 0 0 1;];
Hcam2grid(:,:,31) = inv(Hgrid2cam(:,:,31));
Hmarker2world(:,:,31) = [ RotationMatrix(-4,23,-25) [27;-428;212]; 0 0 0 1;];
Hgrid2cam(:,:,32) = [ -0.13272 0.97433 -0.181841 -152.676; -0.943098 -0.0677084 0.325547 59.3389; 0.304878 0.214701 0.927875 496.936; 0 0 0 1;];
Hcam2grid(:,:,32) = inv(Hgrid2cam(:,:,32));
Hmarker2world(:,:,32) = [ RotationMatrix(-18,11,-25) [-5;-427;216]; 0 0 0 1;];
Hgrid2cam(:,:,33) = [ -0.370295 0.862495 -0.34494 -124.523; -0.914164 -0.40427 -0.0294836 111.275; -0.164878 0.304414 0.938162 515.123; 0 0 0 1;];
Hcam2grid(:,:,33) = inv(Hgrid2cam(:,:,33));
Hmarker2world(:,:,33) = [ RotationMatrix(4,21,-10) [-4;-451;223]; 0 0 0 1;];
Hgrid2cam(:,:,34) = [ -0.634554 0.772774 -0.0127291 -93.6343; -0.746882 -0.617363 -0.247043 132.313; -0.198767 -0.147255 0.968921 550.016; 0 0 0 1;];
Hcam2grid(:,:,34) = inv(Hgrid2cam(:,:,34));
Hmarker2world(:,:,34) = [ RotationMatrix(16,2,6) [2;-464;228]; 0 0 0 1;];
Hgrid2cam(:,:,35) = [ -0.431188 0.784136 -0.446327 -82.0539; -0.90104 -0.348491 0.258227 96.0191; 0.0469437 0.513503 0.856803 470.39; 0 0 0 1;];
Hcam2grid(:,:,35) = inv(Hgrid2cam(:,:,35));
Hmarker2world(:,:,35) = [ RotationMatrix(-15,27,-4) [27;-443;234]; 0 0 0 1;];
Hgrid2cam(:,:,36) = [ -0.164204 0.965913 -0.200121 -150.309; -0.923987 -0.0795797 0.374052 75.6917; 0.345376 0.246331 0.905559 462.751; 0 0 0 1;];
Hcam2grid(:,:,36) = inv(Hgrid2cam(:,:,36));
Hmarker2world(:,:,36) = [ RotationMatrix(-21,12,-23) [-5;-444;244]; 0 0 0 1;];
Hgrid2cam(:,:,37) = [ -0.179074 0.981728 -0.0643606 -142.633; -0.964245 -0.188122 -0.186659 89.5503; -0.195356 0.0286336 0.980314 550.001; 0 0 0 1;];
Hcam2grid(:,:,37) = inv(Hgrid2cam(:,:,37));
Hmarker2world(:,:,37) = [ RotationMatrix(13,5,-23) [3;-442;214]; 0 0 0 1;];
Hgrid2cam(:,:,38) = [ -0.51462 0.754109 0.408027 -107.427; -0.857406 -0.455241 -0.240023 114.716; 0.00474662 -0.473365 0.880854 573.909; 0 0 0 1;];
Hcam2grid(:,:,38) = inv(Hgrid2cam(:,:,38));
Hmarker2world(:,:,38) = [ RotationMatrix(17,-23,1) [-3;-453;218]; 0 0 0 1;];
Hgrid2cam(:,:,39) = [ -0.818518 0.57285 0.0432676 -86.8003; -0.570933 -0.81951 0.0493804 133.228; 0.0637458 0.0157159 0.997842 516.17; 0 0 0 1;];
Hcam2grid(:,:,39) = inv(Hgrid2cam(:,:,39));
Hmarker2world(:,:,39) = [ RotationMatrix(-1,-2,22) [-21;-463;230]; 0 0 0 1;];
Hgrid2cam(:,:,40) = [ -0.830616 0.433165 0.349922 -26.2193; -0.267908 -0.861755 0.430818 103.53; 0.488162 0.264097 0.831836 467.835; 0 0 0 1;];
Hcam2grid(:,:,40) = inv(Hgrid2cam(:,:,40));
Hmarker2world(:,:,40) = [ RotationMatrix(-25,-20,30) [28;-452;227]; 0 0 0 1;];
Hgrid2cam(:,:,41) = [ -0.838578 0.467852 -0.279109 -31.5127; -0.53894 -0.787264 0.299597 121.328; -0.0795656 0.401659 0.912327 495.743; 0 0 0 1;];
Hcam2grid(:,:,41) = inv(Hgrid2cam(:,:,41));
Hmarker2world(:,:,41) = [ RotationMatrix(-16,17,28) [22;-456;227]; 0 0 0 1;];
Hgrid2cam(:,:,42) = [ -0.7678 0.56543 0.301283 -49.3918; -0.488144 -0.820849 0.296517 127.414; 0.414968 0.0805956 0.906259 514.401; 0 0 0 1;];
Hcam2grid(:,:,42) = inv(Hgrid2cam(:,:,42));
Hmarker2world(:,:,42) = [ RotationMatrix(-16,-17,21) [20;-462;201]; 0 0 0 1;];
Hgrid2cam(:,:,43) = [ -0.500548 0.856777 0.124037 -126.8; -0.856851 -0.469871 -0.212197 97.5748; -0.123524 -0.212496 0.969323 560.18; 0 0 0 1;];
Hcam2grid(:,:,43) = inv(Hgrid2cam(:,:,43));
Hmarker2world(:,:,43) = [ RotationMatrix(14,-6,-3) [-14;-435;219]; 0 0 0 1;];
Hgrid2cam(:,:,44) = [ -0.603677 0.693847 -0.39262 -102.48; -0.785629 -0.601456 0.145044 139.178; -0.135505 0.396013 0.908191 546.778; 0 0 0 1;];
Hcam2grid(:,:,44) = inv(Hgrid2cam(:,:,44));
Hmarker2world(:,:,44) = [ RotationMatrix(-7,24,8) [-14;-470;181]; 0 0 0 1;];
Hgrid2cam(:,:,45) = [ -0.6123 0.752271 0.243262 -98.0572; -0.788834 -0.601977 -0.123955 130.465; 0.0531902 -0.267791 0.962008 576.275; 0 0 0 1;];
Hcam2grid(:,:,45) = inv(Hgrid2cam(:,:,45));
Hmarker2world(:,:,45) = [ RotationMatrix(9,-13,6) [-2;-461;194]; 0 0 0 1;];
Hgrid2cam(:,:,46) = [ -0.338338 0.912273 0.230836 -99.9073; -0.925873 -0.278877 -0.254926 120.862; -0.168187 -0.299976 0.939003 565.387; 0 0 0 1;];
Hcam2grid(:,:,46) = inv(Hgrid2cam(:,:,46));
Hmarker2world(:,:,46) = [ RotationMatrix(17,-12,-13) [30;-468;223]; 0 0 0 1;];
Hgrid2cam(:,:,47) = [ -0.593103 0.715561 0.369055 -116.883; -0.658246 -0.69491 0.289504 129.587; 0.463618 -0.0712232 0.883168 489.212; 0 0 0 1;];
Hcam2grid(:,:,47) = inv(Hgrid2cam(:,:,47));
Hmarker2world(:,:,47) = [ RotationMatrix(-16,-21,7) [-21;-464;236]; 0 0 0 1;];
Hgrid2cam(:,:,48) = [ -0.535169 0.835463 0.124887 -100.026; -0.784525 -0.436737 -0.440206 96.0186; -0.313233 -0.333561 0.889169 553.065; 0 0 0 1;];
Hcam2grid(:,:,48) = inv(Hgrid2cam(:,:,48));
Hmarker2world(:,:,48) = [ RotationMatrix(28,-6,-1) [9;-440;250]; 0 0 0 1;];
Hgrid2cam(:,:,49) = [ -0.738902 0.673805 0.00309976 -81.1719; -0.600212 -0.656094 -0.457477 128.981; -0.306217 -0.339891 0.889216 605.375; 0 0 0 1;];
Hcam2grid(:,:,49) = inv(Hgrid2cam(:,:,49));
Hmarker2world(:,:,49) = [ RotationMatrix(29,1,14) [-2;-467;197]; 0 0 0 1;];
Hgrid2cam(:,:,50) = [ -0.153329 0.868608 0.47118 -134.428; -0.987148 -0.156375 -0.0329586 103.862; 0.0450528 -0.470178 0.881421 576.286; 0 0 0 1;];
Hcam2grid(:,:,50) = inv(Hgrid2cam(:,:,50));
Hmarker2world(:,:,50) = [ RotationMatrix(4,-27,-23) [6;-458;212]; 0 0 0 1;];
